35614 38289 54656 65974 78663 41225 21093 70734 22466 24321 2420 96105 15953 35882 10601 2207 75526 74112 85108 3294 27094 31368 84821 71641 10333 1170 7863 26111 6727 83101 26022 72745 41890 23929 6350 66253 2622 50728 95697 60144 87133 14910 61605 6297 31869 7336 36264 11200 47519 45001 74048 61573 64659 49983 53140 97020 8194 38019 59712 92294 12951 94191 93273 90940 10987 27355 95614 80676 64237 16640 93078 41894 60234 57597 54476 47000 6718 55896 76548 90582 28311 6524 85049 18925 26849 39168 12244 30710 85140 66281 
14927 11195 7462 3731 7462 3730 11195 14926 11194 7462 3730 11195 11194 7462 7463 11194 11195 3731 11194 3730 14927 11194 14927 7462 7462 25366 18658 14926 22391 3731 11195 11195 3730 11194 7463 14926 14927 3730 7463 7977 7463 22391 3731 11194 11194 11195 7463 14927 18658 11194 11195 14927 11194 26123 14926 7463 3730 14926 29854 3731 188891 18658 18659 14926 3731 11195 14926 14926 14926 18659 3731 18658 26123 3730 18659 14927 11195 3731 11195 22391 11195 26123 3730 11195 14927 26123 7463 26123 14927 11194 11194 11194 7463 22391 3731 3731 26122 7463 11195 7463 11194 3731 14926 11194 14927 7462 7462 7462 11195 7462 11195 18659 7462 11195 13287 11194 29854 7463 7463 3730 7463 11195 185796 14926 7462 14927 3731 3731 11195 11194 29855 7463 11195 14927 11194 22390 22391 3731 14926 3730 11195 3730 7462 3731 11194 7462 18659 33587 18659 3731 14927 3730 67041 7463 26123 7462 7463 7463 14927 18659 11195 3731 187144 14926 56721 7463 14927 18659 18658 14927 7463 14926 18658 7462 243422 11195 18659 11194 14926 3731 7462 14926 7463 3730 3731 3731 11195 11195 11195 7463 11195 14927 14927 3730 14927 11194 7462 14926 11195 7462 7462 7462 3730 3731 7463 3730 3731 3730 11195 11195 3731 14927 11195 7462 11195 7463 11194 11195 3731 3731 11195 7462 11195 7463 3731 24836 26122 11194 11194 7462 14926 14927 14926 3731 7462 14926 22391 14927 11194 7463 7463 7462 3731 18659 7462 22391 142587 11195 3731 26122 11194 14926 14927 7463 22390 7462 14927 22391 7462 14927 13287 18658 11194 18659 11194 18659 18658 18659 11194 11195 7462 14927 
81 69 86 23 72 
18 86 40 26 
14 46 47 
19 
21 30 
31 
1 82 77 
51 43 44 29 
33 36 44 
6 27 78 
18 74 
80 74 46 
23 89 60 
19 84 55 88 
70 77 30 
17 81 35 28 
19 83 85 40 
20 55 47 
20 85 38 24 57 26 
66 
0 67 37 70 8 56 25 
8 25 42 
81 67 24 30 31 
20 62 
74 59 
37 
16 67 68 85 8 57 
2 66 41 26 27 
66 67 69 9 42 76 14 
3 
4 36 55 71 78 47 
32 2 3 5 39 9 
32 26 
32 49 19 83 53 87 58 
64 89 
68 85 23 29 
71 41 74 61 62 
80 88 78 
80 35 72 57 
12 
33 22 30 
51 69 8 25 89 31 
17 87 74 
32 42 75 31 
0 32 3 22 56 88 28 
1 82 13 
67 70 55 77 
67 85 71 42 
23 26 28 77 79 
49 81 35 5 53 70 55 24 
19 6 26 
7 23 56 57 10 58 12 
52 85 22 15 
35 20 21 85 89 10 29 
2 87 8 46 62 
51 55 75 
32 22 71 
10 59 76 30 
33 2 51 67 68 85 71 77 
48 
32 17 83 37 22 87 56 47 
67 84 53 45 31 
34 19 6 73 29 
48 83 68 89 15 
48 
64 84 42 
64 84 21 22 29 78 
0 33 41 11 15 
17 65 34 87 8 24 15 
1 51 23 88 26 61 78 
9 29 
66 51 7 74 11 
0 19 86 23 74 60 77 47 
53 70 9 
33 68 70 40 25 31 
2 53 29 30 
0 37 38 57 28 44 
73 
49 52 6 27 
48 80 66 87 10 74 43 
34 3 19 
16 64 80 68 21 55 24 27 14 
18 5 40 
32 19 24 74 44 
0 8 89 13 
0 48 3 40 88 89 26 28 47 
83 25 10 
66 4 20 71 26 59 28 
82 53 73 44 
80 2 71 87 
80 22 7 55 42 
52 38 39 43 
50 37 53 70 24 
64 2 54 87 40 58 59 45 
82 54 
83 38 14 
34 82 20 36 54 58 74 29 47 
71 59 
65 6 41 30 
85 38 73 
33 34 11 
81 
0 35 72 43 30 
68 6 23 57 
33 21 22 56 58 12 61 
80 83 38 31 
22 41 13 15 
2 84 
69 70 56 60 45 78 
32 39 89 
65 39 13 
33 2 20 52 55 71 
68 86 
40 28 62 
54 
34 70 87 89 30 
82 67 36 69 54 74 11 44 62 
16 14 
4 7 56 9 
83 40 
67 46 
68 54 72 89 77 
18 38 54 70 9 41 57 78 
49 38 25 59 75 14 
81 89 
52 73 10 31 
72 58 
24 12 62 
48 18 54 8 12 44 
1 67 54 58 47 
48 1 33 2 8 40 30 79 
5 21 14 
80 1 36 37 72 
48 81 39 8 
64 70 8 77 
1 84 5 6 58 61 31 
3 21 7 23 26 13 
69 55 
22 39 75 46 31 
55 71 
18 34 12 13 29 78 
38 59 
36 70 75 
3 9 
69 86 58 
7 56 15 
66 71 89 76 46 
81 86 25 27 43 59 75 44 63 
6 87 74 60 13 30 
20 
16 52 26 12 28 
52 
17 55 
83 5 29 45 
48 81 36 53 59 28 62 
32 8 27 
38 45 15 
17 18 34 73 
64 1 68 57 44 
68 86 74 43 61 
54 75 46 78 79 
82 22 
32 18 54 70 87 88 
74 59 61 46 
17 57 78 
69 22 39 47 
82 58 74 79 
66 82 42 74 46 
64 33 38 75 61 30 
53 38 71 27 14 
21 55 88 77 
17 22 39 56 13 30 79 
66 82 72 88 25 61 15 
38 73 58 12 
17 18 38 70 55 24 72 47 
67 22 10 79 
64 50 19 51 29 47 
22 7 24 58 61 
17 71 25 10 62 
49 88 76 
0 11 
2 25 73 76 
16 60 
37 59 
52 
73 
0 87 14 63 
0 33 51 5 56 
82 4 37 73 
76 61 
65 86 72 28 
0 35 54 40 62 
81 23 27 62 
62 
54 88 73 43 12 46 78 31 
81 39 46 
46 62 
68 85 26 62 
0 60 76 
81 52 22 56 
87 24 46 15 
17 51 69 
58 
20 87 
17 6 71 
37 22 54 14 
18 52 24 72 
49 22 77 
81 38 86 9 31 
1 19 46 
17 34 
52 5 69 75 45 
4 5 74 12 76 
59 62 
82 35 37 53 41 
41 89 76 
20 88 58 62 
50 42 28 
75 
35 24 
20 37 59 61 
1 66 5 47 
83 37 23 39 45 
84 37 29 
18 52 5 
9 57 
33 66 3 85 70 39 24 76 63 
80 54 58 74 
71 57 60 29 
23 25 
17 82 67 9 15 31 
69 23 9 10 13 47 
1 5 69 15 63 
42 
38 54 25 60 
25 42 76 61 
0 33 50 85 70 25 57 75 
49 52 8 73 45 
33 35 77 
52 37 13 
39 74 
65 38 46 
3 
52 5 39 72 74 76 77 
29 45 
23 89 42 58 74 77 
32 49 5 24 12 78 47 
51 83 13 45 
57 11 
0 48 51 69 86 23 8 
4 39 40 57 78 
1 10 75 79 
80 52 56 59 47 79 
65 29 
64 2 4 21 38 44 31 
0 73 12 
53 86 26 13 
17 82 68 21 8 89 42 
75 60 
68 42 12 13 45 
54 
16 52 5 69 38 45 30 
84 71 40 
36 21 77 30 63 
38 40 25 74 
33 2 82 54 8 73 
85 6 58 59 44 47 
65 19 53 59 76 
32 10 76 61 
20 21 70 25 
86 77 
81 50 60 77 
